{
    "f_d_out": 1024, 
    "dropout": 0.7296244459829335, 
    "f_dropout": 0.8255444236474426, 
    "TRAIN_SIZE": 1.0, 
    "WIDTH": 128, 
    "SEED": 42, 
    "BATCH_SIZE": 66, 
    "ITERATIONS": 5000.0, 
    "f_conv1_num": 8, 
    "HEIGHT": 128, 
    "CHANNEL": 1, 
    "conv1_out": 32, 
    "VALIDATION_SIZE": 0.2, 
    "conv2_num": 7, 
    "report_interval": 100, 
    "conv2_out": 64, 
    "NUM_CLASSES": 99, 
    "d_out": 1024, 
    "CLASS_SIZE": 1.0, 
    "l2_penalty": 0.01, 
    "conv1_num": 5, 
    "LEARNING_RATE": 0.001, 
    "f_conv1_out": 512
}
Iter 	 Batch Loss 	 Batch Accuracy 	 Valid Loss 	 Valid Accuracy 	 Time delta
0:	  2894630656.00		  0.0		  1914653312.00		  0.00 		 14.49
100:	  461549806.12		  30.5		  110261826.67		  44.95 		 383.92
200:	  34622666.78		  70.1		  90875584.00		  50.00 		 384.29
300:	  10138076.74		  85.2		  76394409.33		  50.51 		 386.90
400:	  4957717.21		  90.8		  80061520.00		  46.46 		 382.03
500:	  2872676.76		  93.9		  74381388.00		  50.00 		 390.30
600:	  2142323.31		  95.4		  71038440.00		  51.01 		 391.28
700:	  1442009.14		  96.6		  67776402.67		  48.48 		 383.63
800:	  1012623.34		  97.2		  71000997.33		  53.54 		 375.93
900:	  1169605.49		  97.0		  68434048.00		  53.54 		 383.50
1000:	  767072.60		  97.8		  66809562.67		  52.53 		 389.05
