{
    "f_d_out": 1024, 
    "dropout": 0.7296244459829335, 
    "f_dropout": 0.6668543055695109, 
    "TRAIN_SIZE": 1.0, 
    "WIDTH": 128, 
    "SEED": 42, 
    "BATCH_SIZE": 66, 
    "ITERATIONS": 50000.0, 
    "f_conv1_num": 8, 
    "HEIGHT": 128, 
    "CHANNEL": 1, 
    "conv1_out": 128, 
    "VALIDATION_SIZE": 0.2, 
    "conv2_num": 7, 
    "report_interval": 100, 
    "conv2_out": 64, 
    "NUM_CLASSES": 99, 
    "d_out": 1024, 
    "CLASS_SIZE": 1.0, 
    "l2_penalty": 0.01, 
    "conv1_num": 5, 
    "LEARNING_RATE": 0.001, 
    "f_conv1_out": 512
}
Iter 	 Batch Loss 	 Batch Accuracy 	 Valid Loss 	 Valid Accuracy 	 Time delta
0:	  6312084480.00		  0.0		  3605180330.67		  0.51 		 16.53
100:	  790113932.12		  28.8		  176496112.00		  33.84 		 394.64
200:	  47986588.00		  72.6		  144512904.00		  44.95 		 396.22
300:	  12591578.89		  88.2		  126662088.00		  46.46 		 400.63
400:	  6119348.37		  93.3		  129874882.67		  45.96 		 396.13
500:	  3838359.11		  95.8		  125550826.67		  49.49 		 391.32
600:	  2672435.87		  96.8		  124379880.00		  49.49 		 396.71
700:	  2227554.41		  97.2		  127281213.33		  48.99 		 396.34
