{
    "f_d_out": 1024, 
    "dropout": 0.85403628889802274, 
    "f_dropout": 0.51029224714790122, 
    "TRAIN_SIZE": 1.0, 
    "WIDTH": 128, 
    "SEED": 42, 
    "BATCH_SIZE": 66, 
    "ITERATIONS": 200.0, 
    "f_conv1_num": 8, 
    "HEIGHT": 128, 
    "CHANNEL": 1, 
    "report_interval": 10, 
    "VALIDATION_SIZE": 0.2, 
    "conv1_out": 32, 
    "conv2_num": 7, 
    "conv2_out": 32, 
    "NUM_CLASSES": 99, 
    "d_out": 1024, 
    "CLASS_SIZE": 1.0, 
    "l2_penalty": 0.01, 
    "conv1_num": 7, 
    "LEARNING_RATE": 0.01, 
    "f_conv1_out": 16
}
Iter 	 Batch Loss 	 Batch Accuracy 	 Valid Loss 	 Valid Accuracy 	 Time delta
0:	  2658382592.00		  3.0		  2425067264.00		  2.02 		 7.26
10:	  975294148.80		  5.3		  110485501.33		  10.10 		 23.56
20:	  64568819.40		  14.5		  34263522.00		  18.69 		 23.57
30:	  21186051.40		  25.9		  18149752.00		  18.69 		 23.65
40:	  9116115.80		  40.9		  13549137.33		  21.21 		 23.57
50:	  4417475.09		  60.3		  11404273.33		  26.26 		 23.71
60:	  2238596.69		  69.8		  10147539.67		  26.77 		 23.59
70:	  955477.88		  83.3		  9815083.67		  31.31 		 23.61
80:	  658211.42		  87.6		  9666041.33		  32.83 		 23.62
90:	  489072.01		  91.2		  9420698.67		  32.32 		 23.73
