{
    "f_d_out": 1024, 
    "dropout": 0.5714334089609704, 
    "f_dropout": 0.8255444236474426, 
    "TRAIN_SIZE": 1.0, 
    "WIDTH": 128, 
    "SEED": 42, 
    "BATCH_SIZE": 66, 
    "ITERATIONS": 50000.0, 
    "f_conv1_num": 8, 
    "HEIGHT": 128, 
    "CHANNEL": 1, 
    "conv1_out": 32, 
    "VALIDATION_SIZE": 0.2, 
    "conv2_num": 7, 
    "report_interval": 100, 
    "conv2_out": 32, 
    "NUM_CLASSES": 99, 
    "d_out": 1024, 
    "CLASS_SIZE": 1.0, 
    "l2_penalty": 0.01, 
    "conv1_num": 7, 
    "LEARNING_RATE": 0.001, 
    "f_conv1_out": 512
}
Iter 	 Batch Loss 	 Batch Accuracy 	 Valid Loss 	 Valid Accuracy 	 Time delta
0:	  2884518144.00		  0.0		  1647481856.00		  2.02 		 11.68
100:	  485822468.96		  16.6		  97407701.33		  32.83 		 294.74
200:	  56852764.64		  49.6		  64992272.00		  40.91 		 300.04
300:	  20446247.66		  69.2		  58139848.00		  42.93 		 290.94
400:	  9287244.52		  80.6		  52589210.67		  44.44 		 296.39
500:	  4954540.57		  86.9		  51229853.33		  46.46 		 297.45
600:	  3253250.98		  90.4		  50630850.67		  47.47 		 289.82
700:	  2427906.79		  92.7		  49682356.00		  48.48 		 296.01
800:	  1779253.18		  94.3		  50078316.00		  45.45 		 289.97
900:	  1358852.45		  95.6		  48792046.67		  47.47 		 294.06
1000:	  1147080.33		  96.3		  46539369.33		  48.48 		 295.37
1100:	  963745.20		  96.8		  46573062.67		  51.01 		 295.04
