only images
{
    "f_d_out": 1024, 
    "dropout": 0.7296244459829335, 
    "f_dropout": 0.6668543055695109, 
    "TRAIN_SIZE": 1.0, 
    "WIDTH": 128, 
    "SEED": 42, 
    "BATCH_SIZE": 66, 
    "ITERATIONS": 5000.0, 
    "f_conv1_num": 8, 
    "HEIGHT": 128, 
    "CHANNEL": 1, 
    "conv1_out": 32, 
    "VALIDATION_SIZE": 0.2, 
    "conv2_num": 7, 
    "report_interval": 100, 
    "conv2_out": 64, 
    "NUM_CLASSES": 99, 
    "d_out": 1024, 
    "CLASS_SIZE": 1.0, 
    "l2_penalty": 0.01, 
    "conv1_num": 5, 
    "LEARNING_RATE": 0.001, 
    "f_conv1_out": 512
}
Iter 	 Batch Loss 	 Batch Accuracy 	 Valid Loss 	 Valid Accuracy 	 Time delta
0:	  297744128.00		  0.0		  204964709.33		  0.51 		 15.67
100:	  45814712.23		  31.4		  12355902.33		  40.91 		 392.92
200:	  3472703.83		  70.3		  9293342.00		  43.43 		 390.25
300:	  996541.83		  85.5		  8563918.67		  45.45 		 390.73
400:	  497209.87		  91.2		  7950793.67		  48.99 		 391.77
500:	  289401.15		  93.5		  7888782.17		  48.48 		 396.40
600:	  219065.27		  94.9		  7580744.67		  46.97 		 389.89
700:	  151286.70		  96.4		  7517992.67		  49.49 		 393.21
800:	  142729.28		  96.5		  7419354.50		  46.46 		 396.38
900:	  94243.92		  97.5		  7825431.17		  46.97 		 391.70
