{
    "report_interval": 100.0, 
    "LEARNING_RATE": 0.001, 
    "f_dropout": 0.66685430556951086, 
    "TRAIN_SIZE": 1.0, 
    "WIDTH": 128, 
    "SEED": 42, 
    "conv3_out": 16, 
    "ITERATIONS": 300.0, 
    "BATCH_SIZE": 66, 
    "conv3_num": 7, 
    "f_conv1_num": 8, 
    "HEIGHT": 128, 
    "CHANNEL": 1, 
    "conv1_out": 64, 
    "VALIDATION_SIZE": 0.2, 
    "conv2_num": 7, 
    "conv2_out": 32, 
    "NUM_CLASSES": 99, 
    "f_d_out": 1024, 
    "d_out": 1024, 
    "CLASS_SIZE": 1.0, 
    "l2_penalty": 0.01, 
    "conv1_num": 5, 
    "dropout": 0.72962444598293352, 
    "f_conv1_out": 512
}
Iter 	 Batch Loss 	 Batch Accuracy 	 Valid Loss 	 Valid Accuracy 	 Time delta
0:	  27255156736.00		  1.5		  18601726634.67		  1.52 		 10.80
100:	  3805097690.88		  5.0		  734057109.33		  10.10 		 277.45
200:	  527708344.64		  16.8		  402310336.00		  19.19 		 277.61
300:	  229200232.48		  33.9		  293360213.33		  23.23 		 277.79
