{
    "f_d_out": 256, 
    "dropout": 0.79654298686023284, 
    "f_dropout": 0.18343478986616379, 
    "TRAIN_SIZE": 1.0, 
    "WIDTH": 128, 
    "SEED": 42, 
    "BATCH_SIZE": 66, 
    "ITERATIONS": 200.0, 
    "f_conv1_num": 8, 
    "HEIGHT": 128, 
    "CHANNEL": 1, 
    "report_interval": 10, 
    "VALIDATION_SIZE": 0.2, 
    "conv1_out": 256, 
    "conv2_num": 5, 
    "conv2_out": 256, 
    "NUM_CLASSES": 99, 
    "d_out": 256, 
    "CLASS_SIZE": 1.0, 
    "conv1_num": 6, 
    "LEARNING_RATE": 0.001, 
    "f_conv1_out": 512
}
Iter 	 Batch Loss 	 Batch Accuracy 	 Valid Loss 	 Valid Accuracy 	 Time delta
0:	  5278563328.00		  1.5		  3203321002.67		  1.52 		 18.34
10:	  2521696320.00		  1.5		  1032171242.67		  2.53 		 48.38
20:	  841435337.60		  5.9		  457348725.33		  6.57 		 48.46
30:	  310301528.00		  8.5		  150179040.00		  7.07 		 48.26
40:	  93415260.80		  9.2		  52291457.33		  8.08 		 48.62
50:	  30766084.90		  6.1		  23212213.33		  6.06 		 48.35
