{
    "f_d_out": 1024, 
    "dropout": 0.7296244459829335, 
    "f_dropout": 0.6668543055695109, 
    "TRAIN_SIZE": 1.0, 
    "WIDTH": 128, 
    "SEED": 42, 
    "BATCH_SIZE": 66, 
    "ITERATIONS": 50000.0, 
    "f_conv1_num": 8, 
    "HEIGHT": 128, 
    "CHANNEL": 1, 
    "conv1_out": 64, 
    "VALIDATION_SIZE": 0.2, 
    "conv2_num": 7, 
    "report_interval": 100, 
    "conv2_out": 32, 
    "NUM_CLASSES": 99, 
    "d_out": 2048, 
    "CLASS_SIZE": 1.0, 
    "l2_penalty": 0.01, 
    "conv1_num": 5, 
    "LEARNING_RATE": 0.001, 
    "f_conv1_out": 512
}
Iter 	 Batch Loss 	 Batch Accuracy 	 Valid Loss 	 Valid Accuracy 	 Time delta
0:	  4462603776.00		  1.5		  3043796906.67		  0.51 		 14.56
100:	  649538587.52		  26.9		  157917765.33		  38.38 		 393.07
200:	  43383176.94		  72.4		  123000664.00		  43.43 		 388.54
300:	  11131840.93		  88.3		  117683445.33		  47.47 		 389.77
400:	  5376882.10		  93.9		  117902405.33		  50.00 		 384.98
500:	  3117705.31		  95.9		  109546800.00		  48.99 		 386.82
