{
    "f_d_out": 1024, 
    "dropout": 0.5714334089609704, 
    "f_dropout": 0.8255444236474426, 
    "TRAIN_SIZE": 1.0, 
    "WIDTH": 128, 
    "SEED": 42, 
    "BATCH_SIZE": 66, 
    "ITERATIONS": 50000.0, 
    "f_conv1_num": 8, 
    "HEIGHT": 128, 
    "CHANNEL": 1, 
    "conv1_out": 32, 
    "VALIDATION_SIZE": 0.2, 
    "conv2_num": 7, 
    "report_interval": 100, 
    "conv2_out": 32, 
    "NUM_CLASSES": 99, 
    "d_out": 1024, 
    "CLASS_SIZE": 1.0, 
    "l2_penalty": 0.01, 
    "conv1_num": 7, 
    "LEARNING_RATE": 0.001, 
    "f_conv1_out": 512
}
Iter 	 Batch Loss 	 Batch Accuracy 	 Valid Loss 	 Valid Accuracy 	 Time delta
0:	  2885140736.00		  0.0		  1648859392.00		  2.02 		 11.57
100:	  486102511.60		  16.4		  98013986.67		  31.31 		 297.81
200:	  56912353.34		  50.2		  65349794.67		  42.42 		 293.24
300:	  20860948.20		  69.0		  55327977.33		  42.93 		 291.17
400:	  9116950.54		  80.4		  51813042.67		  45.45 		 294.88
500:	  5139607.27		  86.6		  47650430.67		  49.49 		 294.26
600:	  3350173.94		  90.7		  48192522.67		  48.48 		 289.57
700:	  2237337.26		  92.9		  48391217.33		  50.51 		 298.77
800:	  1871193.71		  94.4		  48514017.33		  50.00 		 295.23
