{
    "f_d_out": 1024, 
    "dropout": 0.5714334089609704, 
    "f_dropout": 0.6668543055695109, 
    "TRAIN_SIZE": 1.0, 
    "WIDTH": 128, 
    "SEED": 42, 
    "BATCH_SIZE": 66, 
    "ITERATIONS": 5000.0, 
    "f_conv1_num": 8, 
    "HEIGHT": 128, 
    "CHANNEL": 1, 
    "conv1_out": 32, 
    "VALIDATION_SIZE": 0.2, 
    "conv2_num": 7, 
    "report_interval": 100, 
    "conv2_out": 64, 
    "NUM_CLASSES": 99, 
    "d_out": 1024, 
    "CLASS_SIZE": 1.0, 
    "l2_penalty": 0.01, 
    "conv1_num": 5, 
    "LEARNING_RATE": 0.001, 
    "f_conv1_out": 512
}
Iter 	 Batch Loss 	 Batch Accuracy 	 Valid Loss 	 Valid Accuracy 	 Time delta
0:	  3220910336.00		  0.0		  2002742272.00		  0.00 		 16.93
100:	  557364870.00		  24.1		  98783984.00		  38.89 		 388.64
200:	  45513571.37		  57.1		  60426538.67		  44.95 		 388.24
300:	  15486265.79		  71.7		  50384242.67		  45.96 		 391.03
