{
    "f_d_out": 32, 
    "dropout": 0.52475643163223784, 
    "f_dropout": 0.43194501864211576, 
    "TRAIN_SIZE": 1.0, 
    "WIDTH": 128, 
    "SEED": 42, 
    "BATCH_SIZE": 66, 
    "ITERATIONS": 100.0, 
    "f_conv1_num": 4, 
    "HEIGHT": 128, 
    "CHANNEL": 1, 
    "report_interval": 10, 
    "VALIDATION_SIZE": 0.2, 
    "conv1_out": 64, 
    "conv2_num": 6, 
    "conv2_out": 64, 
    "NUM_CLASSES": 99, 
    "d_out": 32, 
    "CLASS_SIZE": 1.0, 
    "conv1_num": 7, 
    "LEARNING_RATE": 0.01, 
    "f_conv1_out": 32
}
Iter 	 Batch Loss 	 Batch Accuracy 	 Valid Loss 	 Valid Accuracy 	 Time delta
0:	  670056832.00		  0.0		  266459509.33		  1.01 		 4.75
10:	  33557276.84		  0.9		  528.16		  1.01 		 12.32
20:	  146.22		  0.6		  34.20		  1.01 		 12.33
30:	  26.98		  0.9		  23.11		  1.01 		 12.23
40:	  21.78		  1.2		  19.53		  1.01 		 12.35
50:	  17.77		  0.5		  16.33		  1.01 		 12.26
60:	  15.41		  0.9		  14.04		  1.01 		 12.44
70:	  13.03		  1.1		  12.26		  1.01 		 12.17
80:	  11.72		  0.8		  10.75		  1.01 		 12.20
90:	  10.07		  0.8		  9.69		  1.01 		 12.15
100:	  9.52		  1.4		  8.88		  1.01 		 12.14
