{
    "f_d_out": 1024, 
    "dropout": 0.76984606619453988, 
    "f_dropout": 0.79337558283192411, 
    "TRAIN_SIZE": 1.0, 
    "WIDTH": 128, 
    "SEED": 42, 
    "BATCH_SIZE": 66, 
    "ITERATIONS": 200.0, 
    "f_conv1_num": 4, 
    "HEIGHT": 128, 
    "CHANNEL": 1, 
    "report_interval": 10, 
    "VALIDATION_SIZE": 0.2, 
    "conv1_out": 32, 
    "conv2_num": 7, 
    "conv2_out": 32, 
    "NUM_CLASSES": 99, 
    "d_out": 512, 
    "CLASS_SIZE": 1.0, 
    "l2_penalty": 0.001, 
    "conv1_num": 8, 
    "LEARNING_RATE": 0.001, 
    "f_conv1_out": 16
}
Iter 	 Batch Loss 	 Batch Accuracy 	 Valid Loss 	 Valid Accuracy 	 Time delta
0:	  1455346816.00		  0.0		  1094725738.67		  1.01 		 111.84
