{
    "report_interval": 100.0, 
    "LEARNING_RATE": 0.001, 
    "f_dropout": 0.59171739493308184, 
    "TRAIN_SIZE": 1.0, 
    "WIDTH": 128, 
    "SEED": 42, 
    "conv3_out": 16, 
    "ITERATIONS": 200.0, 
    "BATCH_SIZE": 66, 
    "conv3_num": 7, 
    "f_conv1_num": 8, 
    "HEIGHT": 128, 
    "CHANNEL": 1, 
    "conv1_out": 64, 
    "VALIDATION_SIZE": 0.2, 
    "conv2_num": 7, 
    "conv2_out": 32, 
    "NUM_CLASSES": 99, 
    "f_d_out": 1024, 
    "d_out": 1024, 
    "CLASS_SIZE": 1.0, 
    "l2_penalty": 0.01, 
    "conv1_num": 5, 
    "dropout": 0.89827149343011636, 
    "f_conv1_out": 512
}
Iter 	 Batch Loss 	 Batch Accuracy 	 Valid Loss 	 Valid Accuracy 	 Time delta
0:	  2933636096.00		  0.0		  2158148352.00		  0.51 		 11.04
100:	  390166966.36		  25.9		  142268138.67		  32.83 		 290.78
