{
    "f_d_out": 1024, 
    "dropout": 0.8255444234647442, 
    "f_dropout": 0.8255444236474426, 
    "TRAIN_SIZE": 1.0, 
    "WIDTH": 128, 
    "SEED": 42, 
    "BATCH_SIZE": 66, 
    "ITERATIONS": 50000.0, 
    "f_conv1_num": 8, 
    "HEIGHT": 128, 
    "CHANNEL": 1, 
    "conv1_out": 32, 
    "VALIDATION_SIZE": 0.2, 
    "conv2_num": 7, 
    "report_interval": 100, 
    "conv2_out": 64, 
    "NUM_CLASSES": 99, 
    "d_out": 1024, 
    "CLASS_SIZE": 1.0, 
    "l2_penalty": 0.01, 
    "conv1_num": 7, 
    "LEARNING_RATE": 0.001, 
    "f_conv1_out": 512
}
Iter 	 Batch Loss 	 Batch Accuracy 	 Valid Loss 	 Valid Accuracy 	 Time delta
0:	  3051363584.00		  0.0		  2108933376.00		  0.51 		 14.80
100:	  411070783.18		  36.3		  170719536.00		  37.88 		 382.50
200:	  26161531.39		  78.4		  141395925.33		  41.92 		 393.36
300:	  8198653.76		  90.2		  133502730.67		  44.44 		 394.91
400:	  3331349.63		  95.4		  126642248.00		  48.48 		 395.87
500:	  2413805.03		  96.8		  127750133.33		  43.43 		 395.53
600:	  2032414.63		  97.0		  127511098.67		  44.44 		 389.25
700:	  1489430.76		  97.6		  117258197.33		  46.46 		 396.11
