{
    "f_d_out": 1024, 
    "dropout": 0.9633294328968971, 
    "f_dropout": 0.86363599792821044, 
    "TRAIN_SIZE": 1.0, 
    "WIDTH": 128, 
    "SEED": 42, 
    "BATCH_SIZE": 66, 
    "ITERATIONS": 200.0, 
    "f_conv1_num": 9, 
    "HEIGHT": 128, 
    "CHANNEL": 1, 
    "report_interval": 10, 
    "VALIDATION_SIZE": 0.2, 
    "conv1_out": 16, 
    "conv2_num": 7, 
    "conv2_out": 16, 
    "NUM_CLASSES": 99, 
    "d_out": 1024, 
    "CLASS_SIZE": 1.0, 
    "l2_penalty": 0.01, 
    "conv1_num": 8, 
    "LEARNING_RATE": 0.01, 
    "f_conv1_out": 16
}
Iter 	 Batch Loss 	 Batch Accuracy 	 Valid Loss 	 Valid Accuracy 	 Time delta
0:	  980335808.00		  3.0		  955293354.67		  1.01 		 88.14
10:	  477889176.00		  4.2		  103906170.67		  12.63 		 285.29
20:	  56773333.80		  17.1		  31246750.00		  20.20 		 283.34
30:	  15579756.90		  31.4		  18262206.67		  21.72 		 284.61
40:	  7261007.25		  48.9		  12925060.00		  25.25 		 284.42
50:	  2788528.21		  71.2		  11312034.67		  28.28 		 284.33
60:	  1302704.09		  82.6		  10414661.17		  29.80 		 282.66
70:	  511227.28		  93.3		  9895329.00		  32.32 		 283.65
80:	  222058.09		  95.2		  9703483.50		  32.83 		 284.50
90:	  170228.23		  97.4		  9638769.50		  32.32 		 284.86
100:	  111618.27		  98.0		  9619294.33		  32.83 		 284.20
110:	  118863.12		  98.6		  9602736.50		  33.84 		 285.60
