{
    "f_d_out": 64, 
    "dropout": 0.020584494295802447, 
    "f_dropout": 0.96990985216199432, 
    "TRAIN_SIZE": 1.0, 
    "WIDTH": 128, 
    "SEED": 42, 
    "BATCH_SIZE": 66, 
    "ITERATIONS": 100.0, 
    "f_conv1_num": 7, 
    "HEIGHT": 128, 
    "CHANNEL": 1, 
    "report_interval": 10, 
    "VALIDATION_SIZE": 0.2, 
    "conv1_out": 32, 
    "conv2_num": 9, 
    "conv2_out": 32, 
    "NUM_CLASSES": 99, 
    "d_out": 128, 
    "CLASS_SIZE": 1.0, 
    "conv1_num": 8, 
    "LEARNING_RATE": 0.0001, 
    "f_conv1_out": 128
}
Iter 	 Batch Loss 	 Batch Accuracy 	 Valid Loss 	 Valid Accuracy 	 Time delta
0:	  7105735168.00		  1.5		  1187003349.33		  1.01 		 2.55
10:	  6405892915.20		  0.6		  1109326634.67		  1.52 		 6.47
20:	  5573830963.20		  0.9		  1040367893.33		  1.52 		 6.86
30:	  4965863577.60		  1.2		  975384021.33		  1.52 		 6.70
40:	  5044283468.80		  0.9		  911953258.67		  1.52 		 6.68
50:	  4529125760.00		  1.4		  854334016.00		  1.52 		 6.57
60:	  3788621209.60		  2.0		  802054250.67		  1.52 		 6.77
70:	  4082949580.80		  2.0		  753723498.67		  1.01 		 6.48
80:	  3682987008.00		  0.9		  710485034.67		  1.01 		 6.55
90:	  3343136844.80		  1.2		  668137749.33		  1.01 		 6.70
100:	  2922654720.00		  1.1		  631142485.33		  0.51 		 6.63
