{
    "f_d_out": 128, 
    "dropout": 0.95071430640991617, 
    "f_dropout": 0.73199394181140509, 
    "TRAIN_SIZE": 1.0, 
    "WIDTH": 128, 
    "SEED": 42, 
    "BATCH_SIZE": 66, 
    "ITERATIONS": 100.0, 
    "f_conv1_num": 8, 
    "HEIGHT": 128, 
    "CHANNEL": 1, 
    "report_interval": 10, 
    "VALIDATION_SIZE": 0.2, 
    "conv1_out": 16, 
    "conv2_num": 5, 
    "conv2_out": 64, 
    "NUM_CLASSES": 99, 
    "d_out": 64, 
    "CLASS_SIZE": 1.0, 
    "conv1_num": 6, 
    "LEARNING_RATE": 0.0001, 
    "f_conv1_out": 128
}
Iter 	 Batch Loss 	 Batch Accuracy 	 Valid Loss 	 Valid Accuracy 	 Time delta
0:	  251765552.00		  0.0		  240281776.00		  0.00 		 1.92
10:	  239626585.60		  0.6		  209869258.67		  0.51 		 3.62
20:	  214511536.00		  0.8		  187459376.00		  0.51 		 3.72
30:	  190843638.40		  0.3		  169302352.00		  1.52 		 3.67
40:	  173200929.60		  0.3		  153937856.00		  1.01 		 3.72
50:	  158566708.80		  1.2		  140572725.33		  1.01 		 3.70
60:	  141729585.60		  1.4		  128560000.00		  1.01 		 3.64
70:	  129796043.20		  1.5		  117621074.67		  2.02 		 3.68
80:	  117974659.20		  1.2		  108010178.67		  2.02 		 3.61
90:	  111386286.40		  1.5		  99553418.67		  2.53 		 3.73
100:	  99957715.20		  1.5		  91853538.67		  2.02 		 3.72
