only features
{
    "f_d_out": 1024, 
    "dropout": 0.57143340896097039, 
    "f_dropout": 0.82544423647442644, 
    "TRAIN_SIZE": 1.0, 
    "WIDTH": 128, 
    "SEED": 42, 
    "BATCH_SIZE": 66, 
    "ITERATIONS": 200.0, 
    "f_conv1_num": 8, 
    "HEIGHT": 128, 
    "CHANNEL": 1, 
    "report_interval": 10, 
    "VALIDATION_SIZE": 0.2, 
    "conv1_out": 128, 
    "conv2_num": 7, 
    "conv2_out": 128, 
    "NUM_CLASSES": 99, 
    "d_out": 1024, 
    "CLASS_SIZE": 1.0, 
    "l2_penalty": 0.01, 
    "conv1_num": 7, 
    "LEARNING_RATE": 0.001, 
    "f_conv1_out": 16
}
Iter 	 Batch Loss 	 Batch Accuracy 	 Valid Loss 	 Valid Accuracy 	 Time delta
0:	  676479.12		  3.0		  675341.81		  1.01 		 27.91
10:	  670321.30		  0.5		  664240.81		  1.52 		 90.80
20:	  659351.84		  1.2		  653476.35		  2.02 		 91.09
30:	  648734.58		  0.8		  642966.65		  1.01 		 91.42
40:	  638329.56		  0.9		  632683.27		  1.52 		 91.64
50:	  628141.74		  0.9		  622624.69		  0.51 		 91.82
60:	  618168.01		  0.2		  612745.75		  1.01 		 92.11
70:	  608373.43		  1.2		  603063.77		  1.01 		 92.34
80:	  598777.04		  0.6		  593560.79		  1.52 		 92.48
90:	  589347.57		  2.3		  584229.12		  0.51 		 92.58
100:	  580092.71		  1.5		  575064.35		  1.52 		 92.83
