{
    "report_interval": 100.0, 
    "LEARNING_RATE": 0.001, 
    "f_dropout": 0.59171739493308184, 
    "TRAIN_SIZE": 1.0, 
    "WIDTH": 128, 
    "SEED": 42, 
    "conv3_out": 16, 
    "ITERATIONS": 300.0, 
    "BATCH_SIZE": 66, 
    "conv3_num": 7, 
    "f_conv1_num": 8, 
    "HEIGHT": 128, 
    "CHANNEL": 1, 
    "conv1_out": 64, 
    "VALIDATION_SIZE": 0.2, 
    "conv2_num": 7, 
    "conv2_out": 32, 
    "NUM_CLASSES": 99, 
    "f_d_out": 1024, 
    "d_out": 1024, 
    "CLASS_SIZE": 1.0, 
    "l2_penalty": 0.01, 
    "conv1_num": 5, 
    "dropout": 0.89827149343011636, 
    "f_conv1_out": 512
}
Iter 	 Batch Loss 	 Batch Accuracy 	 Valid Loss 	 Valid Accuracy 	 Time delta
0:	  24764911616.00		  0.0		  18431467861.33		  1.01 		 11.05
100:	  3271083519.36		  7.8		  881840853.33		  11.11 		 277.62
200:	  413896274.08		  32.3		  539662645.33		  19.70 		 277.54
300:	  132950077.48		  60.4		  468041770.67		  28.79 		 277.30
