{
    "report_interval": 100, 
    "LEARNING_RATE": 0.001, 
    "f_dropout": 0.6668543055695109, 
    "TRAIN_SIZE": 1.0, 
    "WIDTH": 128, 
    "SEED": 42, 
    "conv3_out": 16, 
    "ITERATIONS": 50000.0, 
    "BATCH_SIZE": 66, 
    "conv3_num": 7, 
    "f_conv1_num": 8, 
    "HEIGHT": 128, 
    "CHANNEL": 1, 
    "f_d_out": 1024, 
    "VALIDATION_SIZE": 0.2, 
    "conv1_out": 64, 
    "conv2_num": 7, 
    "conv2_out": 32, 
    "NUM_CLASSES": 99, 
    "d_out": 1024, 
    "CLASS_SIZE": 1.0, 
    "l2_penalty": 0.01, 
    "conv1_num": 5, 
    "dropout": 0.7296244459829335, 
    "f_conv1_out": 512
}
Iter 	 Batch Loss 	 Batch Accuracy 	 Valid Loss 	 Valid Accuracy 	 Time delta
0:	  25807794176.00		  0.0		  18617350144.00		  1.01 		 11.58
100:	  3740356213.76		  4.9		  701134912.00		  10.10 		 277.34
200:	  519931509.92		  17.5		  386892810.67		  18.18 		 277.01
300:	  228145208.96		  34.1		  288436256.00		  22.73 		 277.31
400:	  112956896.12		  50.4		  247751594.67		  28.28 		 277.63
500:	  64829703.78		  62.8		  229400592.00		  28.79 		 277.58
600:	  39067904.41		  72.8		  220069104.00		  31.31 		 277.04
700:	  24405447.21		  79.6		  209086570.67		  33.33 		 277.23
