{
    "f_d_out": 1024, 
    "dropout": 0.71597250932105783, 
    "f_dropout": 0.64561457009902101, 
    "TRAIN_SIZE": 1.0, 
    "WIDTH": 128, 
    "SEED": 42, 
    "BATCH_SIZE": 66, 
    "ITERATIONS": 200.0, 
    "f_conv1_num": 8, 
    "HEIGHT": 128, 
    "CHANNEL": 1, 
    "report_interval": 10, 
    "VALIDATION_SIZE": 0.2, 
    "conv1_out": 32, 
    "conv2_num": 7, 
    "conv2_out": 32, 
    "NUM_CLASSES": 99, 
    "d_out": 1024, 
    "CLASS_SIZE": 1.0, 
    "l2_penalty": 0.001, 
    "conv1_num": 7, 
    "LEARNING_RATE": 0.001, 
    "f_conv1_out": 16
}
Iter 	 Batch Loss 	 Batch Accuracy 	 Valid Loss 	 Valid Accuracy 	 Time delta
0:	  2466945792.00		  0.0		  1614434901.33		  3.03 		 7.32
10:	  1440417216.00		  2.1		  700092970.67		  2.53 		 23.54
20:	  782564992.00		  3.8		  416504309.33		  6.06 		 23.45
30:	  528921734.40		  7.6		  296034741.33		  11.62 		 23.54
40:	  348686048.00		  12.0		  225849738.67		  15.15 		 23.53
50:	  258794409.60		  19.4		  181556976.00		  14.65 		 23.66
60:	  197416630.40		  25.6		  163198976.00		  17.17 		 23.50
70:	  150783492.80		  31.7		  142570133.33		  24.75 		 23.54
80:	  131281942.40		  33.8		  123127682.67		  28.79 		 23.47
